50,50
51,50
52,50
53,50
54,50
55,50
56,50
57,50
58,50
59,50
60,50
61,50
62,50
63,50
64,50
65,50
66,50
67,50
68,50
69,50
70,50
71,50
72,50
73,50
74,50
75,50
76,51
77,52
78,53
79,54
80,55
81,56
82,57
83,58
84,59
85,60
86,61
87,62
88,63
89,64
90,65
91,66
92,67
93,68
94,69
95,69
96,69
97,69
98,68
99,67
100,66
101,65
102,64
103,64
104,64
105,64
106,64
107,64
108,64
109,64
110,63
111,63
112,63
113,63
114,63
115,62
116,61
117,60
118,59
119,58
120,57
121,56
122,55
123,54
124,53
125,53
126,53
127,53
128,53
129,53
130,53
131,53
132,53
133,53
134,53
135,53
136,53
137,53
138,53
139,53
140,53
141,53
142,53
143,53
144,53
145,53
146,53
147,53
148,53
149,54
150,55
